60 93
73
14 33 23 0
25 15 29 78
16 18 44 35
12 21 20 57
12 18 42 60
6 34 54 59
13 14 47 0
7 25 0 63
18 9 0 29
13 12 16 78
6 23 0 40
10 12 32 52
12 10 14 38
7 16 40 2
9 12 2 17
5 21 47 14
7 14 35 64
10 9 27 38
18 5 18 33
6 15 17 13
6 14 11 15
14 6 2 3
5 16 39 36
16 5 0 9
6 13 10 80
7 11 16 2
8 9 6 44
14 5 18 52
13 5 26 47
3 21 7 72
9 6 42 54
3 18 41 18
6 9 8 63
3 16 44 19
12 4 14 48
7 6 53 14
6 7 14 65
4 10 7 53
3 13 37 2
6 6 7 38
6 6 13 72
3 12 37 15
3 12 57 23
5 7 52 21
5 7 52 28
7 5 0 88
5 6 15 59
6 5 51 54
9 3 4 0
9 3 16 90
5 5 18 28
8 3 2 14
2 12 0 16
2 11 32 67
3 7 10 73
7 3 11 53
7 3 11 56
10 2 13 0
2 9 39 27
9 2 38 0
4 4 11 59
3 5 57 54
4 3 25 90
2 6 37 35
2 6 37 41
2 3 33 64
1 6 52 15
3 2 0 38
3 2 4 38
3 2 13 78
4 1 56 53
3 1 51 59
1 2 6 42

execution time in seconds: 306.736