8 8
304
3 3 5 0
3 3 0 -1
3 3 1 -1
3 3 2 -1
3 3 3 -1
3 3 4 -1
3 3 5 -1
3 3 0 -2
3 3 1 -2
3 3 2 -2
3 3 3 -2
3 3 4 -2
3 3 5 -2
3 3 0 -3
3 3 1 -3
3 3 2 -3
3 3 3 -3
3 3 4 -3
3 3 5 -3
3 3 0 -4
3 3 1 -4
3 3 2 -4
3 3 3 -4
3 3 4 -4
3 3 5 -4
3 3 0 -5
3 3 1 -5
3 3 2 -5
3 3 3 -5
3 3 4 -5
3 3 5 -5
3 3 0 -6
3 3 1 -6
3 3 2 -6
3 3 3 -6
3 3 4 -6
3 3 5 -6
3 3 0 -7
3 3 1 -7
3 3 2 -7
3 3 3 -7
3 3 4 -7
3 3 5 -7
3 3 0 -8
3 3 1 -8
3 3 2 -8
3 3 3 -8
3 3 4 -8
3 3 5 -8
3 3 0 -9
3 3 1 -9
3 3 2 -9
3 3 3 -9
3 3 4 -9
3 3 5 -9
3 3 0 -10
3 3 1 -10
3 3 2 -10
3 3 3 -10
3 3 4 -10
3 3 5 -10
3 3 0 -11
3 3 1 -11
3 3 2 -11
3 3 3 -11
3 5 0 9
3 5 1 9
3 5 2 9
3 5 3 9
3 5 4 9
3 5 5 9
3 5 0 8
3 5 1 8
3 5 2 8
3 5 3 8
3 5 4 8
3 5 5 8
3 5 0 7
3 5 1 7
3 5 2 7
3 5 3 7
3 5 4 7
3 5 5 7
3 5 0 6
3 5 1 6
3 5 2 6
3 5 3 6
3 5 4 6
3 5 5 6
3 5 0 5
3 5 1 5
3 5 2 5
3 5 3 5
3 5 4 5
3 5 5 5
3 5 0 4
3 5 1 4
3 5 2 4
3 5 3 4
3 5 4 4
3 5 5 4
3 5 5 3
3 5 0 -1
3 5 1 -1
3 5 2 -1
3 5 3 -1
3 5 4 -1
3 5 5 -1
3 5 0 -2
3 5 1 -2
3 5 2 -2
3 5 3 -2
3 5 4 -2
3 5 5 -2
3 5 0 -3
3 5 1 -3
3 5 2 -3
3 5 3 -3
3 5 4 -3
3 5 5 -3
3 5 0 -4
3 5 1 -4
3 5 2 -4
3 5 3 -4
3 5 4 -4
3 5 5 -4
3 5 0 -5
3 5 1 -5
3 5 2 -5
3 5 3 -5
3 5 4 -5
3 5 5 -5
3 5 0 -6
3 5 1 -6
3 5 2 -6
3 5 3 -6
3 5 4 -6
3 5 5 -6
3 5 0 -7
3 5 1 -7
3 5 2 -7
3 5 3 -7
5 3 0 20
5 3 1 20
5 3 2 20
5 3 3 20
5 3 0 19
5 3 1 19
5 3 2 19
5 3 3 19
5 3 0 18
5 3 1 18
5 3 2 18
5 3 3 18
5 3 0 17
5 3 1 17
5 3 2 17
5 3 3 17
5 3 0 16
5 3 1 16
5 3 2 16
5 3 3 16
5 3 0 15
5 3 1 15
5 3 2 15
5 3 3 15
5 3 0 14
5 3 1 14
5 3 2 14
5 3 3 14
5 3 0 13
5 3 1 13
5 3 2 13
5 3 3 13
5 3 0 12
5 3 1 12
5 3 2 12
5 3 3 12
5 3 0 11
5 3 1 11
5 3 2 11
5 3 3 11
5 3 0 10
5 3 1 10
5 3 2 10
5 3 3 10
5 3 0 9
5 3 1 9
5 3 2 9
5 3 3 9
5 3 0 8
5 3 1 8
5 3 2 8
5 3 3 8
5 3 0 7
5 3 1 7
5 3 2 7
5 3 3 7
5 3 0 6
5 3 1 6
5 3 2 6
5 3 3 6
5 3 0 5
5 3 0 -1
5 3 1 -1
5 3 2 -1
5 3 3 -1
5 3 0 -2
5 3 1 -2
5 3 2 -2
5 3 3 -2
5 3 0 -3
5 3 1 -3
5 3 2 -3
5 3 3 -3
5 3 0 -4
5 3 1 -4
5 3 2 -4
5 3 3 -4
5 5 0 24
5 5 1 24
5 5 2 24
5 5 3 24
5 5 0 23
5 5 1 23
5 5 2 23
5 5 3 23
5 5 0 22
5 5 1 22
5 5 2 22
5 5 3 22
5 5 0 21
5 5 1 21
5 5 2 21
5 5 3 21
5 5 0 20
5 5 1 20
5 5 2 20
5 5 3 20
5 5 0 19
5 5 1 19
5 5 2 19
5 5 3 19
5 5 0 18
5 5 1 18
5 5 2 18
5 5 3 18
5 5 0 17
5 5 1 17
5 5 2 17
5 5 3 17
5 5 0 16
5 5 1 16
5 5 2 16
5 5 3 16
5 5 0 15
5 5 1 15
5 5 2 15
5 5 3 15
5 5 0 14
5 5 1 14
5 5 2 14
5 5 3 14
5 5 0 13
5 5 1 13
5 5 2 13
5 5 3 13
5 5 0 12
5 5 1 12
5 5 2 12
5 5 3 12
5 5 0 11
5 5 1 11
5 5 2 11
5 5 3 11
5 5 0 10
5 5 1 10
5 5 2 10
5 5 3 10
5 5 0 9
5 5 1 9
5 5 2 9
5 5 3 9
5 5 0 8
5 5 1 8
5 5 2 8
5 5 3 8
5 5 0 7
5 5 1 7
5 5 2 7
5 5 3 7
5 5 0 6
5 5 1 6
5 5 2 6
5 5 3 6
5 5 0 5
5 5 1 5
5 5 2 5
5 5 3 5
5 5 0 4
5 5 1 4
5 5 2 4
5 5 3 4
5 5 0 0

execution time in seconds: 0.338